F -1.72659 -0.55451 -0.00105827
E 1.00718e-32 1.38342e-32 1.49111e-31 1.38342e-32 1.95581e-32 2.08281e-31 1.49111e-31 2.08281e-31 2.22919e-30
F -1.72659 -0.55451 -0.00105826
E 1.2474e-32 1.58034e-32 1.76144e-31 1.58034e-32 2.11738e-32 2.3045e-31 1.76144e-31 2.3045e-31 2.53347e-30
F -1.72659 -0.55451 -0.00105825
E 2.26866e-32 2.59836e-32 3.03577e-31 2.59836e-32 3.13292e-32 3.57526e-31 3.03577e-31 3.57526e-31 4.12387e-30
F -1.72659 -0.55451 -0.00105825
E 3.0556e-32 3.724e-32 4.23994e-31 3.724e-32 4.74936e-32 5.30169e-31 4.23994e-31 5.30169e-31 5.969e-30
F -1.72659 -0.55451 -0.00105825
E 1.01342e-29 -1.09823e-29 -4.61723e-30 -1.09823e-29 1.2066e-29 6.02841e-30 -4.61723e-30 6.02841e-30 8.48448e-30
F -1.72659 -0.55451 -0.00105824
E 1.01441e-29 -1.09731e-29 -4.49799e-30 -1.09731e-29 1.20745e-29 6.1388e-30 -4.49799e-30 6.1388e-30 9.91262e-30
F -1.72626 -0.55451 -0.000996339
E 1.21124e-13 1.21108e-13 1.51395e-12 1.21108e-13 1.21094e-13 1.51376e-12 1.51395e-12 1.51376e-12 1.89232e-11
F -1.72543 -0.554511 -0.00128064
E 5.29969e-12 5.30096e-12 6.62459e-11 5.30096e-12 5.30245e-12 6.62636e-11 6.62459e-11 6.62636e-11 8.28088e-10
F -1.72441 -0.554512 -0.00134914
E 1.58352e-11 1.58363e-11 1.97531e-10 1.58363e-11 1.59814e-11 1.98414e-10 1.97531e-10 1.98414e-10 2.46931e-09
F -1.72338 -0.554513 -0.000866409
E 2.5752e-11 2.59571e-11 3.21482e-10 2.59571e-11 2.63128e-11 3.2493e-10 3.21482e-10 3.2493e-10 4.01869e-09
F -1.72234 -0.554515 -0.00130528
E 3.85159e-11 3.90518e-11 4.81023e-10 3.90518e-11 3.97502e-11 4.8861e-10 4.81023e-10 4.8861e-10 6.01288e-09
F -1.72033 -0.554517 -0.000926012
E 1.90974e-10 1.9247e-10 2.38668e-09 1.9247e-10 1.94203e-10 2.4064e-09 2.38668e-09 2.4064e-09 2.98337e-08
F -1.71675 -0.554523 -0.00276474
E 2.09862e-09 2.1074e-09 2.62227e-08 2.1074e-09 2.11961e-09 2.6353e-08 2.62227e-08 2.6353e-08 3.27808e-07
F -1.7133 -0.554532 -0.0019933
E 3.3883e-09 3.48639e-09 4.23353e-08 3.48639e-09 3.59465e-09 4.35952e-08 4.23353e-08 4.35952e-08 5.292e-07
F -1.70861 -0.554541 -0.00186934
E 8.16466e-09 8.26518e-09 1.00824e-07 8.26518e-09 8.78932e-09 1.04527e-07 1.00824e-07 1.04527e-07 1.26004e-06
F -1.70016 -0.554564 -0.00362827
E 6.16532e-08 6.23448e-08 7.67628e-07 6.23448e-08 6.41336e-08 7.82253e-07 7.67628e-07 7.82253e-07 9.59659e-06
F -1.69079 -0.554611 -0.00632562
E 1.45156e-07 1.52537e-07 1.80743e-06 1.52537e-07 1.6308e-07 1.91237e-06 1.80743e-06 1.91237e-06 2.25922e-05
F -1.67874 -0.554699 -0.0083712
E 3.64365e-07 3.91134e-07 4.52922e-06 3.91134e-07 4.31319e-07 4.90778e-06 4.52922e-06 4.90778e-06 5.66088e-05
F -1.66545 -0.55479 -0.00535453
E 6.50875e-07 7.33028e-07 8.0775e-06 7.33028e-07 8.57659e-07 9.20724e-06 8.0775e-06 9.20724e-06 0.000100939
F -1.65106 -0.554889 -0.00838163
E 1.1048e-06 1.29625e-06 1.36943e-05 1.29625e-06 1.59538e-06 1.62722e-05 1.36943e-05 1.62722e-05 0.000171037
F -1.63388 -0.554997 -0.00423325
E 1.9068e-06 2.31187e-06 2.35767e-05 2.31187e-06 3.00566e-06 2.90901e-05 2.35767e-05 2.90901e-05 0.000294509
F -1.61695 -0.555111 -0.00917655
E 2.80856e-06 3.59426e-06 3.46791e-05 3.59426e-06 4.96853e-06 4.51494e-05 3.46791e-05 4.51494e-05 0.000432753
F -1.59683 -0.55543 -0.0225324
E 4.88186e-06 6.31989e-06 6.00505e-05 6.31989e-06 9.00422e-06 7.91685e-05 6.00505e-05 7.91685e-05 0.000748101
F -1.57527 -0.555994 -0.0297879
E 7.36565e-06 1.00155e-05 9.00294e-05 1.00155e-05 1.51722e-05 0.000125013 9.00294e-05 0.000125013 0.00111803
F -1.55221 -0.556635 -0.025826
E 1.01492e-05 1.47342e-05 0.000123282 1.47342e-05 2.42111e-05 0.000183651 0.000123282 0.000183651 0.00152749
F -1.52923 -0.557275 -0.0298826
E 1.32705e-05 2.05644e-05 0.000160345 2.05644e-05 3.64032e-05 0.000255026 0.000160345 0.000255026 0.0019791
F -1.50761 -0.557836 -0.0219726
E 1.53604e-05 2.60217e-05 0.00018502 2.60217e-05 5.032e-05 0.000321848 0.00018502 0.000321848 0.00227863
F -1.48405 -0.558366 -0.0230252
E 1.86838e-05 3.35792e-05 0.000224324 3.35792e-05 6.98616e-05 0.000413798 0.000224324 0.000413798 0.00275573
F -1.46924 -0.558704 -0.0227692
E 1.93054e-05 3.75224e-05 0.000231104 3.75224e-05 8.31967e-05 0.00046048 0.000231104 0.00046048 0.00282893
F -1.44525 -0.559319 -0.0284946
E 2.3219e-05 4.68959e-05 0.00027678 4.68959e-05 0.000110484 0.000572293 0.00027678 0.000572293 0.00337621
F -1.42323 -0.559867 -0.0213203
E 2.55715e-05 5.52802e-05 0.000304085 5.52802e-05 0.000139461 0.000672759 0.000304085 0.000672759 0.00370184
F -1.40094 -0.560359 -0.0228229
E 2.83997e-05 6.48795e-05 0.000336752 6.48795e-05 0.0001738 0.000786189 0.000336752 0.000786189 0.00408718
F -1.37849 -0.560882 -0.0236273
E 3.13321e-05 7.53722e-05 0.000370257 7.53722e-05 0.000213727 0.000909449 0.000370257 0.000909449 0.00447979
F -1.35458 -0.56126 -0.00802931
E 3.40811e-05 8.67933e-05 0.00040346 8.67933e-05 0.000262512 0.0010497 0.00040346 0.0010497 0.00489438
F -1.33242 -0.561367 -0.00161261
E 3.62617e-05 9.78048e-05 0.000430284 9.78048e-05 0.000313662 0.00118517 0.000430284 0.00118517 0.00523172
F -1.31023 -0.56133 0.00495538
E 3.83183e-05 0.000109228 0.00045641 0.000109228 0.000371048 0.00132827 0.00045641 0.00132827 0.00556983
F -1.28822 -0.561171 0.00948302
E 4.02789e-05 0.000121003 0.000481899 0.000121003 0.00043441 0.00147769 0.000481899 0.00147769 0.0059059
F -1.26622 -0.560929 0.0124763
E 4.22193e-05 0.000133252 0.000507516 0.000133252 0.000504501 0.0016349 0.000507516 0.0016349 0.00624814
F -1.24417 -0.560597 0.0176763
E 4.39623e-05 0.000145753 0.000531665 0.000145753 0.000581843 0.00179947 0.000531665 0.00179947 0.00658401
F -1.22122 -0.5602 0.016858
E 4.63663e-05 0.0001599 0.00056355 0.0001599 0.000670699 0.00198472 0.00056355 0.00198472 0.00701236
F -1.19894 -0.559784 0.0205675
E 4.81385e-05 0.000173621 0.000588705 0.000173621 0.000764944 0.00216942 0.000588705 0.00216942 0.00736957
F -1.1757 -0.559217 0.0281595
E 4.99153e-05 0.000188079 0.000615674 0.000188079 0.000872394 0.00237278 0.000615674 0.00237278 0.00777336
F -1.15306 -0.558509 0.0344233
E 5.12911e-05 0.000202158 0.00063876 0.000202158 0.000986241 0.00257814 0.00063876 0.00257814 0.00814283
F -1.13848 -0.558033 0.0308166
E 5.12353e-05 0.000210806 0.000641324 0.000210806 0.00106363 0.00270284 0.000641324 0.00270284 0.00821781
F -1.1168 -0.557424 0.0253205
E 5.29968e-05 0.000225612 0.000666745 0.000225612 0.00118707 0.00291027 0.000666745 0.00291027 0.00858486
F -1.09443 -0.556757 0.0343432
E 5.4069e-05 0.00023995 0.000686604 0.00023995 0.0013238 0.00312932 0.000686604 0.00312932 0.00892475
F -1.07161 -0.555911 0.0397366
E 5.52702e-05 0.000254794 0.000708969 0.000254794 0.00147374 0.00336353 0.000708969 0.00336353 0.0093103
F -1.04836 -0.554945 0.0433012
E 5.65837e-05 0.000270185 0.00073351 0.000270185 0.00163794 0.0036138 0.00073351 0.0036138 0.00973672
F -1.02649 -0.554049 0.0386014
E 5.78741e-05 0.000285562 0.000755995 0.000285562 0.00180314 0.0038567 0.000755995 0.0038567 0.0101128
F -1.00299 -0.553019 0.0489976
E 5.86562e-05 0.00030066 0.00077617 0.00030066 0.00199267 0.00412683 0.00077617 0.00412683 0.0105233
F -0.980109 -0.551916 0.0473868
E 5.98154e-05 0.000316459 0.000799502 0.000316459 0.00218982 0.0044017 0.000799502 0.0044017 0.0109529
F -0.95771 -0.550956 0.0381964
E 6.15002e-05 0.000333665 0.00082684 0.000333665 0.00239545 0.0046824 0.00082684 0.0046824 0.011396
F -0.934921 -0.550027 0.0433105
E 6.23037e-05 0.000349745 0.000845923 0.000349745 0.00261726 0.00497263 0.000845923 0.00497263 0.0117813
F -0.912066 -0.548995 0.0469336
E 6.30334e-05 0.000365721 0.000864806 0.000365721 0.00285327 0.00527341 0.000864806 0.00527341 0.0121792
F -0.890263 -0.548123 0.0330224
E 6.48579e-05 0.000384166 0.000892551 0.000384166 0.00309193 0.00557353 0.000892551 0.00557353 0.0126114
F -0.867712 -0.547448 0.0268755
E 6.67218e-05 0.000403875 0.000920512 0.000403875 0.00335257 0.00589248 0.000920512 0.00589248 0.0130443
F -0.844805 -0.546848 0.0254502
E 6.84818e-05 0.000424151 0.000947568 0.000424151 0.00363218 0.00622551 0.000947568 0.00622551 0.0134735
F -0.829526 -0.546471 0.0238835
E 6.83704e-05 0.000436906 0.000949713 0.000436906 0.00382613 0.00643825 0.000949713 0.00643825 0.0135596
F -0.807721 -0.546127 0.00769173
E 7.1289e-05 0.000460513 0.000985701 0.000460513 0.00411629 0.00676985 0.000985701 0.00676985 0.0140081
F -0.785833 -0.545984 0.00539155
E 7.34663e-05 0.000483708 0.00101341 0.000483708 0.00442172 0.00710544 0.00101341 0.00710544 0.0143706
F -0.763664 -0.545763 0.0145025
E 7.47505e-05 0.000505071 0.0010335 0.000505071 0.00474592 0.00745 0.0010335 0.00745 0.0146968
F -0.741242 -0.545528 0.00647866
E 7.74649e-05 0.000530558 0.00106752 0.000530558 0.00509026 0.00781438 0.00106752 0.00781438 0.0151321
F -0.719742 -0.54552 -0.00570112
E 8.05738e-05 0.000558078 0.00110303 0.000558078 0.00543582 0.00817149 0.00110303 0.00817149 0.0155288
F -0.697459 -0.545604 -0.00182494
E 8.28996e-05 0.000584867 0.0011315 0.000584867 0.00581003 0.00854602 0.0011315 0.00854602 0.0158852
F -0.674995 -0.545649 -0.00227056
E 8.55614e-05 0.000613267 0.00116369 0.000613267 0.00620454 0.00893416 0.00116369 0.00893416 0.0162762
F -0.651267 -0.545772 -0.00809131
E 8.95895e-05 0.000646608 0.00120985 0.000646608 0.00664109 0.00936241 0.00120985 0.00936241 0.016801
F -0.628831 -0.545793 0.0062234
E 9.09883e-05 0.00067283 0.00123067 0.00067283 0.00707173 0.00976506 0.00123067 0.00976506 0.0171237
F -0.606318 -0.545568 0.0137593
E 9.23418e-05 0.000698741 0.00125234 0.000698741 0.00752238 0.0101788 0.00125234 0.0101788 0.0174781
F -0.583747 -0.545221 0.0169223
E 9.37776e-05 0.000724963 0.00127545 0.000724963 0.00799322 0.0106035 0.00127545 0.0106035 0.0178573
F -0.560811 -0.544829 0.0172779
E 9.55266e-05 0.000752435 0.00130207 0.000752435 0.00849179 0.0110466 0.00130207 0.0110466 0.0182778
F -0.537158 -0.544553 0.00604788
E 9.91525e-05 0.000786653 0.00134683 0.000786653 0.00902826 0.0115239 0.00134683 0.0115239 0.0188398
F -0.521311 -0.544502 0.000403755
E 9.99556e-05 0.00080914 0.00135623 0.00080914 0.00939895 0.0118312 0.00135623 0.0118312 0.0189483
F -0.498876 -0.544394 0.00923475
E 0.000101381 0.000837955 0.00137798 0.000837955 0.00994156 0.0122837 0.00137798 0.0122837 0.019292
F -0.476079 -0.544084 0.0179448
E 0.000102396 0.000865187 0.00139769 0.000865187 0.010514 0.0127527 0.00139769 0.0127527 0.0196598
F -0.453678 -0.5438 0.00739648
E 0.000105194 0.000898718 0.00143287 0.000898718 0.0110982 0.0132293 0.00143287 0.0132293 0.0201113
F -0.430879 -0.543635 0.00701814
E 0.000107434 0.0009319 0.00146297 0.0009319 0.0117145 0.0137209 0.00146297 0.0137209 0.0205259
F -0.408864 -0.543532 0.00233762
E 0.000109935 0.000966526 0.00149373 0.000966526 0.0123311 0.0142036 0.00149373 0.0142036 0.0209104
F -0.386476 -0.543527 -0.00191102
E 0.000112861 0.00100386 0.00152824 0.00100386 0.0129802 0.0147044 0.00152824 0.0147044 0.0213185
F -0.363956 -0.543461 0.00783398
E 0.000114255 0.00103608 0.00154981 0.00103608 0.0136555 0.015212 0.00154981 0.015212 0.0216637
F -0.342154 -0.54324 0.0124016
E 0.000115377 0.00106687 0.00156879 0.00106687 0.0143312 0.0157101 0.00156879 0.0157101 0.021987
F -0.320182 -0.542909 0.0177854
E 0.000116126 0.00109611 0.00158537 0.00109611 0.0150343 0.0162195 0.00158537 0.0162195 0.022317
F -0.297428 -0.542599 0.00944095
E 0.000118757 0.0011331 0.00161976 0.0011331 0.015787 0.0167643 0.00161976 0.0167643 0.0227801
F -0.275326 -0.542337 0.0143053
E 0.000119787 0.00116464 0.00163862 0.00116464 0.0165414 0.0172949 0.00163862 0.0172949 0.0231204
F -0.252969 -0.542019 0.0144901
E 0.000121283 0.00119778 0.00166151 0.00119778 0.0173288 0.0178423 0.00166151 0.0178423 0.0235008
F -0.229903 -0.541783 0.00603751
E 0.000124324 0.00123842 0.00169964 0.00123842 0.0181677 0.0184235 0.00169964 0.0184235 0.0239897
F -0.214813 -0.541662 0.00993498
E 0.000124188 0.00126116 0.0017012 0.00126116 0.0187296 0.0187913 0.0017012 0.0187913 0.0240628
F -0.192138 -0.541469 0.00709086
E 0.00012649 0.00129988 0.00173174 0.00129988 0.0195969 0.0193706 0.00173174 0.0193706 0.0244831
F -0.169831 -0.541332 0.00527667
E 0.000128682 0.00133901 0.00176041 0.00133901 0.0204758 0.0199477 0.00176041 0.0199477 0.024871
F -0.14804 -0.54136 -0.00785899
E 0.000132535 0.00138649 0.00180209 0.00138649 0.0213597 0.0205237 0.00180209 0.0205237 0.0252953
F -0.12583 -0.541516 -0.00624933
E 0.000135342 0.00143134 0.00183417 0.00143134 0.0222862 0.0211145 0.00183417 0.0211145 0.0256583
F -0.104088 -0.541603 -0.00173362
E 0.000137389 0.00147297 0.00185946 0.00147297 0.0232186 0.021698 0.00185946 0.021698 0.025978
F -0.0821302 -0.541775 -0.0139305
E 0.000141811 0.0015263 0.00190516 0.0015263 0.0241866 0.0223028 0.00190516 0.0223028 0.0264079
F -0.0605219 -0.542112 -0.0172952
E 0.000145655 0.00157905 0.00194393 0.00157905 0.025165 0.0229015 0.00194393 0.0229015 0.0267582
F -0.0373897 -0.542572 -0.0224878
E 0.000150985 0.00164062 0.00199698 0.00164062 0.0262418 0.0235582 0.00199698 0.0235582 0.0272291
F -0.015138 -0.543129 -0.027547
E 0.000156295 0.00170377 0.00204736 0.00170377 0.0273062 0.0241964 0.00204736 0.0241964 0.027633
F 0.00737597 -0.543844 -0.0359576
E 0.000162909 0.0017751 0.00210777 0.0017751 0.0284123 0.0248542 0.00210777 0.0248542 0.0280786
F 0.0228706 -0.544425 -0.038957
E 0.000166171 0.00182422 0.00213287 0.00182422 0.0291897 0.0252967 0.00213287 0.0252967 0.0281726
F 0.044485 -0.545219 -0.0344718
E 0.000171207 0.00189035 0.00217744 0.00189035 0.0302987 0.0259309 0.00217744 0.0259309 0.0284859
F 0.0674625 -0.545906 -0.0253265
E 0.000175783 0.00195543 0.00222122 0.00195543 0.0315081 0.026616 0.00222122 0.026616 0.0288643
F 0.0894889 -0.546433 -0.0225235
E 0.000180114 0.0020192 0.00226221 0.0020192 0.032697 0.0272795 0.00226221 0.0272795 0.0292098
F 0.111186 -0.546954 -0.025455
E 0.000185068 0.00208682 0.00230746 0.00208682 0.0338967 0.0279416 0.00230746 0.0279416 0.0295637
F 0.134167 -0.547414 -0.0145841
E 0.000188482 0.00214818 0.00234331 0.00214818 0.0351992 0.0286508 0.00234331 0.0286508 0.0299344
F 0.157031 -0.547728 -0.0129308
E 0.00019245 0.00221244 0.00238416 0.00221244 0.0365277 0.0293679 0.00238416 0.0293679 0.0303421
F 0.179709 -0.548101 -0.0199937
E 0.000197914 0.00228535 0.00243607 0.00228535 0.037878 0.0300919 0.00243607 0.0300919 0.0307903
F 0.202545 -0.548563 -0.0202708
E 0.000202879 0.00235799 0.00248357 0.00235799 0.0392712 0.0308286 0.00248357 0.0308286 0.0312073
F 0.224588 -0.549043 -0.0233466
E 0.000208069 0.00243239 0.00253077 0.00243239 0.0406478 0.0315467 0.00253077 0.0315467 0.0315846
F 0.247484 -0.549615 -0.0266046
E 0.00021422 0.00251396 0.00258623 0.00251396 0.0421117 0.0323051 0.00258623 0.0323051 0.0320245
F 0.262642 -0.550039 -0.0292575
E 0.000217176 0.00256891 0.00260789 0.00256891 0.0430989 0.0327974 0.00260789 0.0327974 0.03211
F 0.284721 -0.550671 -0.0280293
E 0.00022268 0.00264902 0.00265578 0.00264902 0.0445652 0.033535 0.00265578 0.033535 0.0324668
F 0.307322 -0.55136 -0.0328793
E 0.000229724 0.00273907 0.00271575 0.00273907 0.0461002 0.0343031 0.00271575 0.0343031 0.032895
F 0.329836 -0.552058 -0.0290454
E 0.000235492 0.00282396 0.00276552 0.00282396 0.047664 0.0350736 0.00276552 0.0350736 0.0332676
F 0.352379 -0.552705 -0.0286615
E 0.000241713 0.00291178 0.0028182 0.00291178 0.0492649 0.0358551 0.0028182 0.0358551 0.0336601
F 0.374393 -0.55322 -0.0180328
E 0.000245343 0.00298602 0.00285251 0.00298602 0.0508622 0.0366212 0.00285251 0.0366212 0.0339716
F 0.396641 -0.553525 -0.00941647
E 0.000248179 0.00305582 0.00288301 0.00305582 0.0525109 0.0374038 0.00288301 0.0374038 0.0343047
F 0.419548 -0.553628 0.000390779
E 0.000249913 0.00311953 0.00290849 0.00311953 0.0542449 0.0382191 0.00290849 0.0382191 0.0346748
F 0.44199 -0.55363 -0.000433732
E 0.000252584 0.00318795 0.00294043 0.00318795 0.0559803 0.0390287 0.00294043 0.0390287 0.0350665
F 0.46479 -0.553678 -0.00375936
E 0.000256129 0.00326262 0.00297933 0.00326262 0.0577811 0.0398628 0.00297933 0.0398628 0.035499
F 0.487045 -0.553714 0.000524412
E 0.000258081 0.00332871 0.00300545 0.00332871 0.0595752 0.040681 0.00300545 0.040681 0.0358516
F 0.502174 -0.553684 0.0033642
E 0.000258134 0.00337168 0.00300889 0.00337168 0.0608149 0.0412295 0.00300889 0.0412295 0.0359271
F 0.524378 -0.553597 0.00451035
E 0.000259848 0.00343606 0.00303407 0.00343606 0.0626659 0.0420563 0.00303407 0.0420563 0.0362919
F 0.546328 -0.553489 0.00543026
E 0.000261342 0.00349931 0.00305736 0.00349931 0.0645319 0.0428809 0.00305736 0.0428809 0.0366414
F 0.569176 -0.55337 0.00512019
E 0.000263394 0.00356676 0.0030866 0.00356676 0.0665133 0.0437515 0.0030866 0.0437515 0.0370591
F 0.591303 -0.553326 -0.0011691
E 0.000266598 0.00364185 0.00312229 0.00364185 0.0684702 0.0446037 0.00312229 0.0446037 0.0374613
F 0.61373 -0.553376 -0.00322989
E 0.000269787 0.00371871 0.00315766 0.00371871 0.0704922 0.0454756 0.00315766 0.0454756 0.037859
F 0.63614 -0.553587 -0.0155996
E 0.000275894 0.00381501 0.00321328 0.00381501 0.0725521 0.0463613 0.00321328 0.0463613 0.0383248
F 0.659021 -0.554021 -0.0223245
E 0.000282684 0.00391919 0.00327258 0.00391919 0.0746965 0.0472751 0.00327258 0.0472751 0.0387866
F 0.681692 -0.554429 -0.013649
E 0.000286433 0.0040058 0.00330952 0.0040058 0.0768626 0.0481834 0.00330952 0.0481834 0.0391463
F 0.703821 -0.554583 -0.000300558
E 0.000287527 0.00407404 0.00332867 0.00407404 0.0790162 0.0490742 0.00332867 0.0490742 0.0394543
F 0.726837 -0.554583 -0.000291303
E 0.000501004 0.00394265 0.00336293 0.00394265 0.0815097 0.0500165 0.00336293 0.0500165 0.0398825
F 0.749528 -0.554511 0.00664942
E 0.000501879 0.00400957 0.00338331 0.00400957 0.0838024 0.0509509 0.00338331 0.0509509 0.0402512
F 0.772173 -0.554433 0.000306757
E 0.000505184 0.00409233 0.00342115 0.00409233 0.0861335 0.0518977 0.00342115 0.0518977 0.0406918
F 0.786876 -0.554394 0.00494309
E 0.000504873 0.00413743 0.003422 0.00413743 0.0876687 0.0525011 0.003422 0.0525011 0.0407566
F 0.809106 -0.554249 0.0080954
E 0.000505735 0.00420426 0.0034418 0.00420426 0.0900253 0.0534356 0.0034418 0.0534356 0.0411131
F 0.830834 -0.554001 0.0147289
E 0.00050507 0.00425967 0.00345055 0.00425967 0.0923686 0.0543536 0.00345055 0.0543536 0.0414232
F 0.853551 -0.553644 0.0167056
E 0.000504886 0.0043183 0.00346561 0.0043183 0.0948619 0.0553261 0.00346561 0.0553261 0.0418187
F 0.876461 -0.553242 0.0184429
E 0.00050451 0.00437536 0.00348004 0.00437536 0.0974216 0.0563169 0.00348004 0.0563169 0.0422294
F 0.899788 -0.552643 0.0328236
E 0.000500546 0.00440537 0.00347116 0.00440537 0.100073 0.0573317 0.00347116 0.0573317 0.0426091
F 0.922019 -0.551733 0.0490052
E 0.000493803 0.00441038 0.00344167 0.00441038 0.102643 0.0583024 0.00344167 0.0583024 0.0429147
F 0.944511 -0.550445 0.0654736
E 0.000484603 0.00439137 0.00339636 0.00439137 0.105287 0.0592919 0.00339636 0.0592919 0.0432357
F 0.966478 -0.548755 0.0880209
E 0.000471779 0.00433598 0.00332423 0.00433598 0.107909 0.0602615 0.00332423 0.0602615 0.0435119
F 0.988201 -0.546523 0.116766
E 0.000454809 0.00423478 0.00322053 0.00423478 0.110541 0.0612233 0.00322053 0.0612233 0.0437663
F 1.0107 -0.54373 0.130262
E 0.000437507 0.00411663 0.00311249 0.00411663 0.113315 0.0622325 0.00311249 0.0622325 0.0441062
F 1.03337 -0.540474 0.155034
E 0.000416478 0.0039476 0.00296996 0.0039476 0.116151 0.0632533 0.00296996 0.0632533 0.0444257
F 1.05622 -0.536577 0.18277
E 0.000392645 0.00372618 0.00279532 0.00372618 0.119052 0.0642883 0.00279532 0.0642883 0.0447543
F 1.07784 -0.532397 0.199281
E 0.000370112 0.00349223 0.00261577 0.00349223 0.121845 0.0652747 0.00261577 0.0652747 0.0450459
F 1.11399 -0.524491 0.23131
E 0.000341752 0.00299392 0.00239418 0.00299392 0.126605 0.0670565 0.00239418 0.0670565 0.0473152
F 1.13693 -0.518907 0.246306
E 0.000317638 0.0026473 0.00214556 0.0026473 0.129697 0.0681671 0.00214556 0.0681671 0.0477109
F 1.15845 -0.5132 0.272112
E 0.000294522 0.00226187 0.00186936 0.00226187 0.132634 0.0692073 0.00186936 0.0692073 0.0479925
F 1.17952 -0.507089 0.292396
E 0.000273978 0.00184387 0.00157769 0.00184387 0.135556 0.0702327 0.00157769 0.0702327 0.0482695
F 1.20042 -0.500554 0.313797
E 0.00025613 0.0013812 0.00126232 0.0013812 0.138494 0.071254 0.00126232 0.071254 0.0485412
F 1.22124 -0.493552 0.335086
E 0.000241892 0.000871321 0.000922801 0.000871321 0.141462 0.0722768 0.000922801 0.0722768 0.0488169
F 1.24233 -0.485973 0.354942
E 0.000232313 0.000306601 0.000556381 0.000306601 0.144511 0.0733202 0.000556381 0.0733202 0.0491207
F 1.26286 -0.478134 0.374388
E 0.000228397 -0.000292356 0.000173781 -0.000292356 0.147523 0.074341 0.000173781 0.074341 0.049402
F 1.28365 -0.469598 0.404766
E 0.000231397 -0.000977137 -0.000256829 -0.000977137 0.150597 0.0753742 -0.000256829 0.0753742 0.049686
F 1.30471 -0.460258 0.430119
E 0.000243619 -0.0017343 -0.000722094 -0.0017343 0.153759 0.0764303 -0.000722094 0.0764303 0.0500118
F 1.31842 -0.453788 0.452078
E 0.000256132 -0.00226568 -0.00105634 -0.00226568 0.155842 0.0771125 -0.00105634 0.0771125 0.0500698
F 1.33828 -0.443853 0.475623
E 0.000285568 -0.00309643 -0.00155554 -0.00309643 0.158889 0.0781134 -0.00155554 0.0781134 0.050353
F 1.35832 -0.433313 0.492606
E 0.000327665 -0.00398569 -0.00207865 -0.00398569 0.162015 0.0791346 -0.00207865 0.0791346 0.0506793
F 1.37848 -0.422108 0.522098
E 0.000386186 -0.00496943 -0.0026526 -0.00496943 0.165174 0.0801589 -0.0026526 0.0801589 0.0509973
F 1.39722 -0.410963 0.550624
E 0.000457082 -0.00596304 -0.00322941 -0.00596304 0.168147 0.081114 -0.00322941 0.081114 0.0512507
F 1.41608 -0.398998 0.580208
E 0.000548214 -0.00704759 -0.00385079 -0.00704759 0.171168 0.0820785 -0.00385079 0.0820785 0.0515286
F 1.43451 -0.386307 0.625859
E 0.000664384 -0.00823526 -0.00452859 -0.00823526 0.174115 0.0830125 -0.00452859 0.0830125 0.0517947
F 1.45304 -0.372316 0.667363
E 0.000812261 -0.00955108 -0.00527092 -0.00955108 0.177114 0.0839585 -0.00527092 0.0839585 0.0521057
F 1.46979 -0.358469 0.714672
E 0.000980286 -0.0108727 -0.00601713 -0.0108727 0.179829 0.084808 -0.00601713 0.084808 0.0523424
F 1.48708 -0.342528 0.77491
E 0.00120389 -0.0124179 -0.0068833 -0.0124179 0.182615 0.0856768 -0.0068833 0.0856768 0.0526743
F 1.50259 -0.326595 0.822658
E 0.00145115 -0.0139554 -0.00774465 -0.0139554 0.185155 0.0864645 -0.00774465 0.0864645 0.0529339
F 1.5129 -0.315234 0.844707
E 0.00163836 -0.0150405 -0.00835435 -0.0150405 0.186901 0.0869998 -0.00835435 0.0869998 0.0529949
F 1.52743 -0.298301 0.878861
E 0.00194851 -0.0166821 -0.00926163 -0.0166821 0.18934 0.0877497 -0.00926163 0.0877497 0.0532651
F 1.54112 -0.281249 0.909549
E 0.002291 -0.0183457 -0.0101774 -0.0183457 0.191663 0.0884608 -0.0101774 0.0884608 0.0535181
F 1.55472 -0.263051 0.948412
E 0.00269427 -0.0201412 -0.0111632 -0.0201412 0.193956 0.0891606 -0.0111632 0.0891606 0.0538043
F 1.56766 -0.244143 0.993238
E 0.00315355 -0.0220198 -0.0121955 -0.0220198 0.196122 0.0898197 -0.0121955 0.0898197 0.054097
F 1.57939 -0.2253 1.03448
E 0.00364848 -0.0238952 -0.0132275 -0.0238952 0.198099 0.0904196 -0.0132275 0.0904196 0.0543558
F 1.59018 -0.206181 1.07995
E 0.00419163 -0.0258038 -0.014281 -0.0258038 0.1999 0.0909645 -0.014281 0.0909645 0.0546022
F 1.60036 -0.186312 1.11408
E 0.00479462 -0.027784 -0.0153722 -0.027784 0.201639 0.0914898 -0.0153722 0.0914898 0.0548733
F 1.60977 -0.166243 1.15074
E 0.00544842 -0.0297894 -0.0164808 -0.0297894 0.203233 0.0919709 -0.0164808 0.0919709 0.0551337
F 1.61889 -0.14453 1.19563
E 0.00620928 -0.0319603 -0.0176867 -0.0319603 0.204739 0.0924249 -0.0176867 0.0924249 0.055461
F 1.62682 -0.123095 1.23773
E 0.00700968 -0.034098 -0.0188826 -0.034098 0.206044 0.0928179 -0.0188826 0.0928179 0.0557519
F 1.6335 -0.102229 1.28361
E 0.00783803 -0.0361711 -0.020054 -0.0361711 0.207113 0.0931395 -0.020054 0.0931395 0.0559966
F 1.63761 -0.0873312 1.31947
E 0.00845505 -0.0376449 -0.0208944 -0.0376449 0.207781 0.0933403 -0.0208944 0.0933403 0.0560574
F 1.64271 -0.0651837 1.36949
E 0.00942401 -0.0398157 -0.0221415 -0.0398157 0.208533 0.0935646 -0.0221415 0.0935646 0.056341
F 1.64676 -0.0431231 1.40896
E 0.0104397 -0.0419627 -0.0233864 -0.0419627 0.209133 0.0937436 -0.0233864 0.0937436 0.056612
F 1.64989 -0.0211439 1.45034
E 0.0115053 -0.0440831 -0.024632 -0.0440831 0.209552 0.093868 -0.024632 0.093868 0.0568709
F 1.652 0.000573292 1.49745
E 0.012611 -0.0461517 -0.0258678 -0.0461517 0.209762 0.0939281 -0.0258678 0.0939281 0.0571116
F 1.65323 0.0229731 1.53469
E 0.0138049 -0.0482645 -0.0271454 -0.0482645 0.20984 0.0939478 -0.0271454 0.0939478 0.0573847
F 1.65356 0.0457289 1.57708
E 0.0150751 -0.0503787 -0.0284482 -0.0503787 0.209728 0.093908 -0.0284482 0.093908 0.0576706
F 1.65302 0.0682699 1.61317
E 0.0163896 -0.0524472 -0.0297444 -0.0524472 0.209477 0.093825 -0.0297444 0.093825 0.0579506
F 1.65165 0.0910827 1.64834
E 0.0177779 -0.0545096 -0.0310617 -0.0545096 0.209074 0.0936936 -0.0310617 0.0936936 0.0582479
F 1.64962 0.112817 1.67949
E 0.0191547 -0.0564479 -0.0323232 -0.0564479 0.208572 0.0935308 -0.0323232 0.0935308 0.0584983
F 1.64696 0.134175 1.70938
E 0.0205597 -0.0583232 -0.0335677 -0.0583232 0.20796 0.0933328 -0.0335677 0.0933328 0.058736
F 1.6436 0.155972 1.73837
E 0.0220474 -0.0602049 -0.0348427 -0.0602049 0.207219 0.0930915 -0.0348427 0.0930915 0.0590008
F 1.64087 0.171051 1.76086
E 0.0231079 -0.0614922 -0.0357291 -0.0614922 0.20665 0.0929093 -0.0357291 0.0929093 0.0590613
F 1.63626 0.193306 1.78974
E 0.0247211 -0.0633479 -0.0370373 -0.0633479 0.205679 0.09259 -0.0370373 0.09259 0.0593617
F 1.63099 0.215493 1.81771
E 0.0263861 -0.0651583 -0.038348 -0.0651583 0.204596 0.0922311 -0.038348 0.0922311 0.0596681
F 1.6251 0.237403 1.84983
E 0.0280836 -0.0668948 -0.039647 -0.0668948 0.203385 0.0918274 -0.039647 0.0918274 0.0599608
F 1.6184 0.259368 1.88352
E 0.0298395 -0.0685812 -0.0409544 -0.0685812 0.202028 0.0913706 -0.0409544 0.0913706 0.060266
F 1.61125 0.28038 1.91387
E 0.0315719 -0.0701483 -0.0422118 -0.0701483 0.200613 0.0908912 -0.0422118 0.0908912 0.0605356
F 1.60315 0.302016 1.94409
E 0.0334092 -0.071707 -0.0435124 -0.071707 0.199031 0.0903485 -0.0435124 0.0903485 0.0608546
F 1.59476 0.322793 1.9651
E 0.0352308 -0.0731696 -0.0447721 -0.0731696 0.197444 0.089799 -0.0447721 0.089799 0.0611551
F 1.58588 0.343446 1.98925
E 0.0370895 -0.0745692 -0.0460286 -0.0745692 0.195767 0.0892122 -0.0460286 0.0892122 0.061452
F 1.57677 0.363342 2.01116
E 0.0389293 -0.0758722 -0.0472455 -0.0758722 0.194073 0.0886136 -0.0472455 0.0886136 0.0617221
F 1.56694 0.383486 2.03826
E 0.0408349 -0.0771269 -0.0484796 -0.0771269 0.192245 0.08796 -0.0484796 0.08796 0.0620088
F 1.55656 0.403756 2.04982
E 0.0428167 -0.0783685 -0.0497387 -0.0783685 0.190388 0.0872852 -0.0497387 0.0872852 0.0623628
F 1.54975 0.416636 2.06434
E 0.0440988 -0.0791299 -0.0505373 -0.0791299 0.18917 0.0868466 -0.0505373 0.0868466 0.0624158
F 1.53856 0.437219 2.07278
E 0.0461992 -0.0803176 -0.0518279 -0.0803176 0.187209 0.0861174 -0.0518279 0.0861174 0.0628283
F 1.52767 0.456572 2.09411
E 0.0482069 -0.0813616 -0.053038 -0.0813616 0.185273 0.0853928 -0.053038 0.0853928 0.0631169
F 1.51597 0.476364 2.11519
E 0.0503074 -0.0823695 -0.0542822 -0.0823695 0.183216 0.0846108 -0.0542822 0.0846108 0.0634514
F 1.50363 0.496024 2.14794
E 0.0524246 -0.0832733 -0.0555146 -0.0832733 0.181033 0.0837695 -0.0555146 0.0837695 0.0637724
F 1.49116 0.514587 2.17638
E 0.0544701 -0.0840587 -0.0566858 -0.0840587 0.178871 0.0829256 -0.0566858 0.0829256 0.0640537
F 1.4777 0.53328 2.21354
E 0.0565567 -0.084744 -0.0578625 -0.084744 0.176541 0.0820016 -0.0578625 0.0820016 0.0643585
F 1.46352 0.551187 2.26756
E 0.0585617 -0.0852511 -0.058977 -0.0852511 0.174079 0.0810102 -0.058977 0.0810102 0.0646497
F 1.4489 0.568009 2.305
E 0.0605007 -0.0856506 -0.0600407 -0.0856506 0.171628 0.0800084 -0.0600407 0.0800084 0.0649153
F 1.43325 0.584453 2.35792
E 0.0623938 -0.085887 -0.0610673 -0.085887 0.169009 0.0789187 -0.0610673 0.0789187 0.0651989
F 1.4172 0.599575 2.41393
E 0.0641455 -0.0859583 -0.062007 -0.0859583 0.166368 0.0778013 -0.062007 0.0778013 0.0654548
F 1.40534 0.609678 2.4581
E 0.0653393 -0.0859318 -0.0626372 -0.0859318 0.164465 0.0769921 -0.0626372 0.0769921 0.0655207
F 1.3885 0.622718 2.5074
E 0.0668797 -0.0857603 -0.0634492 -0.0857603 0.161798 0.0758322 -0.0634492 0.0758322 0.0657403
F 1.37054 0.635082 2.56955
E 0.0683163 -0.0854092 -0.0642032 -0.0854092 0.15899 0.074585 -0.0642032 0.074585 0.0659934
F 1.35155 0.646555 2.62709
E 0.0696573 -0.0849058 -0.0649043 -0.0849058 0.15609 0.0732697 -0.0649043 0.0732697 0.0662573
F 1.33168 0.656971 2.69032
E 0.0708527 -0.0842309 -0.0655292 -0.0842309 0.153118 0.0718905 -0.0655292 0.0718905 0.0665399
F 1.31068 0.666421 2.74696
E 0.0719414 -0.0834008 -0.0660993 -0.0834008 0.15006 0.0704363 -0.0660993 0.0704363 0.0668422
F 1.29029 0.674087 2.81707
E 0.0727689 -0.0824479 -0.0665348 -0.0824479 0.14715 0.0690193 -0.0665348 0.0690193 0.067111
F 1.26845 0.680658 2.88168
E 0.0734584 -0.0813149 -0.066903 -0.0813149 0.144118 0.0675037 -0.066903 0.0675037 0.0674137
F 1.24647 0.685761 2.94528
E 0.0739563 -0.0800675 -0.0671745 -0.0800675 0.141147 0.0659795 -0.0671745 0.0659795 0.0677032
F 1.22485 0.689291 3.01426
E 0.0742315 -0.0787317 -0.0673334 -0.0787317 0.138303 0.064481 -0.0673334 0.064481 0.0679742
F 1.20295 0.691364 3.08014
E 0.0743179 -0.0772891 -0.0673974 -0.0772891 0.135502 0.0629649 -0.0673974 0.0629649 0.0682425
F 1.17994 0.692151 3.13467
E 0.0742569 -0.0757076 -0.0673896 -0.0757076 0.132642 0.0613705 -0.0673896 0.0613705 0.0685427
F 1.15761 0.691488 -3.07533
E 0.07395 -0.0740705 -0.0672566 -0.0740705 0.12995 0.0598234 -0.0672566 0.0598234 0.0688437
F 1.13582 0.689447 -3.02096
E 0.0735189 -0.0724256 -0.0670548 -0.0724256 0.127395 0.0583146 -0.0670548 0.0583146 0.0690906
F 1.1217 0.687483 -2.98595
E 0.0731902 -0.0713426 -0.0668886 -0.0713426 0.125771 0.0573407 -0.0668886 0.0573407 0.069135
F 1.09959 0.68341 -2.93281
E 0.0724926 -0.0695859 -0.0665482 -0.0695859 0.1233 0.0558089 -0.0665482 0.0558089 0.0694082
F 1.07784 0.678125 -2.87378
E 0.0716246 -0.0678031 -0.0661149 -0.0678031 0.120945 0.0543032 -0.0661149 0.0543032 0.0696825
F 1.05643 0.671612 -2.81877
E 0.070615 -0.0660053 -0.065601 -0.0660053 0.118696 0.0528192 -0.065601 0.0528192 0.0699524
F 1.03578 0.664266 -2.78093
E 0.0695558 -0.0642503 -0.0650522 -0.0642503 0.116576 0.0513776 -0.0650522 0.0513776 0.0702002
F 1.0147 0.655778 -2.73641
E 0.068339 -0.0624331 -0.0644131 -0.0624331 0.114485 0.0499072 -0.0644131 0.0499072 0.0704831
F 0.994346 0.646418 -2.68485
E 0.0670095 -0.0606476 -0.0637008 -0.0606476 0.112535 0.0484905 -0.0637008 0.0484905 0.0707519
F 0.974382 0.636085 -2.64309
E 0.065599 -0.0588764 -0.0629318 -0.0588764 0.110672 0.0470924 -0.0629318 0.0470924 0.0710241
F 0.954708 0.624931 -2.60865
E 0.064123 -0.05712 -0.0621132 -0.05712 0.108886 0.0457054 -0.0621132 0.0457054 0.0713096
F 0.935368 0.613077 -2.57474
E 0.0625833 -0.0553872 -0.0612427 -0.0553872 0.107184 0.0443382 -0.0612427 0.0443382 0.0715994
F 0.916945 0.600951 -2.5442
E 0.0610435 -0.0537338 -0.0603535 -0.0537338 0.10561 0.0430308 -0.0603535 0.0430308 0.0718618
F 0.898261 0.587891 -2.51892
E 0.0594263 -0.0520596 -0.0594035 -0.0520596 0.104059 0.0416943 -0.0594035 0.0416943 0.0721736
F 0.886216 0.579147 -2.50845
E 0.0583787 -0.0509869 -0.0587676 -0.0509869 0.103073 0.0408279 -0.0587676 0.0408279 0.0722352
F 0.868452 0.565985 -2.4994
E 0.0568279 -0.0494208 -0.0578281 -0.0494208 0.101657 0.0395349 -0.0578281 0.0395349 0.072558
F 0.850274 0.552185 -2.48506
E 0.0552187 -0.0478411 -0.0568322 -0.0478411 0.100261 0.0382111 -0.0568322 0.0382111 0.0729044
F 0.832337 0.538177 -2.47207
E 0.0536174 -0.0463039 -0.0558182 -0.0463039 0.0989305 0.0368976 -0.0558182 0.0368976 0.0732517
F 0.814541 0.523713 -2.44619
E 0.0519709 -0.0447975 -0.0547471 -0.0447975 0.0976708 0.0356049 -0.0547471 0.0356049 0.0735701
F 0.796999 0.508771 -2.42591
E 0.0503161 -0.0433259 -0.0536447 -0.0433259 0.0964685 0.0343191 -0.0536447 0.0343191 0.0739102
F 0.780214 0.493941 -2.41001
E 0.0487158 -0.0419362 -0.0525501 -0.0419362 0.0953557 0.0330799 -0.0525501 0.0330799 0.0742253
F 0.762861 0.477991 -2.38659
E 0.0470202 -0.0405206 -0.0513603 -0.0405206 0.0942577 0.031802 -0.0513603 0.031802 0.0745892
F 0.747364 0.462983 -2.35788
E 0.0454536 -0.0392707 -0.0502235 -0.0392707 0.0933196 0.030667 -0.0502235 0.030667 0.074831
F 0.7317 0.446895 -2.32775
E 0.0438142 -0.038017 -0.0490026 -0.038017 0.0924097 0.0295188 -0.0490026 0.0295188 0.0751143
F 0.716006 0.42988 -2.30392
E 0.0421362 -0.0367716 -0.0477175 -0.0367716 0.0915284 0.0283559 -0.0477175 0.0283559 0.0754506
F 0.701418 0.413158 -2.27237
E 0.0405224 -0.0356292 -0.0464376 -0.0356292 0.0907498 0.0272843 -0.0464376 0.0272843 0.0757182
F 0.691924 0.401672 -2.25072
E 0.0394477 -0.0348886 -0.0455555 -0.0348886 0.0902526 0.0265821 -0.0455555 0.0265821 0.0757724
F 0.678147 0.383811 -2.20487
E 0.0377943 -0.0338217 -0.0441708 -0.0338217 0.089582 0.0255912 -0.0441708 0.0255912 0.0760472
F 0.665317 0.365734 -2.17126
E 0.0361893 -0.0328226 -0.0427782 -0.0328226 0.0889719 0.024653 -0.0427782 0.024653 0.076311
F 0.642064 0.328776 -2.09352
E 0.0330496 -0.0310027 -0.0400491 -0.0310027 0.0880747 0.0230339 -0.0400491 0.0230339 0.0802028
F 0.631077 0.308743 -2.05138
E 0.0314474 -0.0301372 -0.0384201 -0.0301372 0.0876213 0.0222139 -0.0384201 0.0222139 0.0804934
F 0.621154 0.288824 -2.01452
E 0.0299266 -0.0293451 -0.0367998 -0.0293451 0.0872245 0.0214688 -0.0367998 0.0214688 0.080758
F 0.612118 0.268469 -1.96265
E 0.028436 -0.0286134 -0.0351306 -0.0286134 0.0868933 0.0208205 -0.0351306 0.0208205 0.0810206
F 0.606418 0.254085 -1.9335
E 0.0274323 -0.0281303 -0.0339543 -0.0281303 0.0866769 0.0203916 -0.0339543 0.0203916 0.0810816
F 0.59913 0.233541 -1.88996
E 0.0260565 -0.0274948 -0.0322725 -0.0274948 0.0864245 0.0198706 -0.0322725 0.0198706 0.0813214
F 0.592386 0.211758 -1.85206
E 0.0246791 -0.0268722 -0.0304909 -0.0268722 0.0861974 0.0193869 -0.0304909 0.0193869 0.0816128
F 0.586433 0.189326 -1.8084
E 0.023344 -0.0262847 -0.0286495 -0.0262847 0.0860127 0.0189795 -0.0286495 0.0189795 0.0819218
F 0.581621 0.16806 -1.77824
E 0.0221588 -0.0257628 -0.0269028 -0.0257628 0.0858596 0.0186369 -0.0269028 0.0186369 0.0821724
F 0.577264 0.145605 -1.74668
E 0.0209901 -0.0252463 -0.0250545 -0.0252463 0.0857293 0.0183368 -0.0250545 0.0183368 0.0824761
F 0.57381 0.122982 -1.69789
E 0.0198981 -0.0247684 -0.0231827 -0.0247684 0.08565 0.0181443 -0.0231827 0.0181443 0.0827673
F 0.571226 0.100007 -1.66773
E 0.0188782 -0.0243056 -0.0212813 -0.0243056 0.0855863 0.0179894 -0.0212813 0.0179894 0.0830874
F 0.569281 0.0778777 -1.64919
E 0.017979 -0.023874 -0.0194449 -0.023874 0.0855346 0.0178636 -0.0194449 0.0178636 0.0833839
F 0.567831 0.055974 -1.62461
E 0.0171696 -0.0234627 -0.0176199 -0.0234627 0.0855055 0.0177896 -0.0176199 0.0177896 0.0836516
F 0.567192 0.0417596 -1.60678
E 0.0166859 -0.0232027 -0.0164305 -0.0232027 0.0854925 0.0177576 -0.0164305 0.0177576 0.0836978
F 0.566531 0.0194804 -1.59412
E 0.0159981 -0.0227986 -0.0145692 -0.0227986 0.085482 0.0177291 -0.0145692 0.0177291 0.0840177
F 0.56599 -0.00352769 -1.59439
E 0.0153749 -0.0223815 -0.0126494 -0.0223815 0.0854664 0.0176952 -0.0126494 0.0176952 0.0844472
F 0.565437 -0.0268028 -1.59466
E 0.014835 -0.0219609 -0.0106917 -0.0219609 0.0854494 0.0176542 -0.0106917 0.0176542 0.0848973
F 0.564993 -0.0493996 -1.58628
E 0.014398 -0.0215569 -0.0087774 -0.0215569 0.0854434 0.0176363 -0.0087774 0.0176363 0.0852536
F 0.564569 -0.0721519 -1.59258
E 0.0140452 -0.0211494 -0.00684395 -0.0211494 0.0854258 0.0175921 -0.00684395 0.0175921 0.0857023
F 0.564148 -0.0955635 -1.58492
E 0.0137751 -0.0207331 -0.00484252 -0.0207331 0.0854207 0.017576 -0.00484252 0.017576 0.0861179
F 0.56403 -0.117873 -1.56728
E 0.0136051 -0.0203387 -0.00292448 -0.0203387 0.0854336 0.0176034 -0.00292448 0.0176034 0.0864224
F 0.564285 -0.140005 -1.55129
E 0.0135211 -0.0199468 -0.00101506 -0.0199468 0.0854581 0.0176599 -0.00101506 0.0176599 0.086722
F 0.56479 -0.162462 -1.5453
E 0.013522 -0.019547 0.000928991 -0.019547 0.0854835 0.0177203 0.000928991 0.0177203 0.0870801
F 0.565395 -0.185266 -1.54323
E 0.0136124 -0.0191384 0.00291091 -0.0191384 0.0855094 0.0177826 0.00291091 0.0177826 0.0874817
F 0.565895 -0.200635 -1.53332
E 0.0137232 -0.0188617 0.00425462 -0.0188617 0.0855334 0.0178404 0.00425462 0.0178404 0.0875528
F 0.56671 -0.222677 -1.53443
E 0.0139556 -0.0184614 0.00618186 -0.0184614 0.0855638 0.0179143 0.00618186 0.0179143 0.0879198
F 0.567684 -0.245327 -1.52127
E 0.0142837 -0.0180424 0.00816963 -0.0180424 0.0856127 0.0180314 0.00816963 0.0180314 0.0882611
F 0.568917 -0.267416 -1.50883
E 0.0146903 -0.0176263 0.010116 -0.0176263 0.0856701 0.0181696 0.010116 0.0181696 0.088572
F 0.570284 -0.288971 -1.50599
E 0.0151697 -0.0172154 0.012023 -0.0172154 0.0857245 0.0183013 0.012023 0.0183013 0.0888906
F 0.571731 -0.311539 -1.50761
E 0.0157602 -0.0167801 0.014027 -0.0167801 0.0857788 0.0184331 0.014027 0.0184331 0.0892991
F 0.573269 -0.335123 -1.50375
E 0.0164746 -0.0163161 0.0161295 -0.0163161 0.0858424 0.0185864 0.0161295 0.0185864 0.0897515
F 0.574673 -0.35816 -1.51613
E 0.0172684 -0.015865 0.0181945 -0.015865 0.0858865 0.0186948 0.0181945 0.0186948 0.0902724
F 0.575878 -0.380845 -1.5193
E 0.018143 -0.0154154 0.0202396 -0.0154154 0.0859316 0.0188036 0.0202396 0.0188036 0.0906979
F 0.576931 -0.402731 -1.5262
E 0.0190748 -0.0149817 0.0222223 -0.0149817 0.0859676 0.0188909 0.0222223 0.0188909 0.0910887
F 0.577815 -0.42481 -1.53534
E 0.0201029 -0.0145459 0.0242305 -0.0145459 0.0859956 0.0189587 0.0242305 0.0189587 0.0915074
F 0.578398 -0.447558 -1.55503
E 0.0212552 -0.014109 0.0263066 -0.014109 0.0860029 0.0189777 0.0263066 0.0189777 0.0920648
F 0.57855 -0.462961 -1.56678
E 0.0220879 -0.013817 0.0277239 -0.013817 0.0860022 0.0189759 0.0277239 0.0189759 0.0921773
F 0.578578 -0.485141 -1.57231
E 0.0233653 -0.0133968 0.0297638 -0.0133968 0.0860009 0.0189714 0.0297638 0.0189714 0.0925785
F 0.578382 -0.507766 -1.58661
E 0.0247614 -0.0129822 0.0318513 -0.0129822 0.0859834 0.018928 0.0318513 0.018928 0.093077
F 0.577873 -0.530668 -1.59944
E 0.026271 -0.0125739 0.033975 -0.0125739 0.0859554 0.0188577 0.033975 0.0188577 0.093587
F 0.577073 -0.55256 -1.61517
E 0.0278042 -0.0122008 0.0360155 -0.0122008 0.0859142 0.0187537 0.0360155 0.0187537 0.0940396
F 0.575931 -0.575563 -1.62562
E 0.0295124 -0.0118201 0.0381693 -0.0118201 0.085865 0.0186271 0.0381693 0.0186271 0.0945409
F 0.574655 -0.5978 -1.63058
E 0.0312584 -0.0114596 0.0402644 -0.0114596 0.0858159 0.0184985 0.0402644 0.0184985 0.0949451
F 0.573237 -0.620512 -1.63578
E 0.0331382 -0.0111024 0.0424127 -0.0111024 0.0857617 0.0183553 0.0424127 0.0183553 0.0953865
F 0.571566 -0.643623 -1.65012
E 0.0351497 -0.0107657 0.0446046 -0.0107657 0.085691 0.0181668 0.0446046 0.0181668 0.0959322
F 0.569711 -0.665385 -1.66158
E 0.0371363 -0.0104672 0.0466823 -0.0104672 0.085617 0.0179663 0.0466823 0.0179663 0.0963481
F 0.567435 -0.687698 -1.68331
E 0.0392643 -0.0102001 0.0488154 -0.0102001 0.0855205 0.017701 0.0488154 0.017701 0.0968961
F 0.565788 -0.702428 -1.68105
E 0.0407243 -0.0100199 0.050242 -0.0100199 0.0854641 0.0175445 0.050242 0.0175445 0.0969663
F 0.563099 -0.724997 -1.69769
E 0.0430387 -0.00978338 0.0524141 -0.00978338 0.0853596 0.0172477 0.0524141 0.0172477 0.0974935
F 0.56029 -0.747687 -1.69023
E 0.0454727 -0.00953296 0.0546204 -0.00953296 0.0852723 0.0169911 0.0546204 0.0169911 0.0978713
F 0.557547 -0.770703 -1.68864
E 0.0480423 -0.00929294 0.0568644 -0.00929294 0.085184 0.0167272 0.0568644 0.0167272 0.0983022
F 0.554759 -0.793978 -1.69138
E 0.0507445 -0.00906965 0.0591413 -0.00906965 0.0850923 0.0164479 0.0591413 0.0164479 0.0987808
F 0.552078 -0.816266 -1.68958
E 0.0534331 -0.00886246 0.0613357 -0.00886246 0.0850087 0.0161877 0.0613357 0.0161877 0.0991587
F 0.549319 -0.838839 -1.69524
E 0.0562531 -0.00867843 0.0635628 -0.00867843 0.0849186 0.015902 0.0635628 0.015902 0.0996019
F 0.546567 -0.860409 -1.70014
E 0.0590419 -0.00852141 0.0657021 -0.00852141 0.0848306 0.0156175 0.0657021 0.0156175 0.0999695
F 0.543621 -0.882819 -1.70294
E 0.0620382 -0.00837363 0.0679325 -0.00837363 0.08474 0.0153169 0.0679325 0.0153169 0.100384
F 0.540602 -0.904768 -1.71203
E 0.0650668 -0.00826154 0.0701234 -0.00826154 0.0846446 0.0149935 0.0701234 0.0149935 0.100807
F 0.537371 -0.927536 -1.71141
